# Line wavelength                      =     5.17679279749  Ang.
# Corresponding Bragg angle            =    34.33430784658  Deg.
# Line energy                          =  2395.00000000000  eV. 
# Natural line width  (FWMH)           =     0.03000000000   eV.
# Gaussian broadening (FWMH)           =     0.08554649839   eV.
# crystal lattice spacing: d           =     3.13560112282  Ang.
# crystal Miller indices               =  1 1 1
# crystal material                     =  Si
# Diffraction order                    =  1 
# eV Ang. Conv. Constant               = 12398.41875000000 eVAng
# Experimental first crystal angle     =   -34.39000000000  Deg.
# Mini_angl                            =    32.63000000000  Deg.
# Maxi_angl                            =    33.03000000000  Deg.
# Position of antipara peak (approx.)  =    32.76224433226  Deg.
# Temperature first crystal            =    22.50000000000  Cel.
# Temperature second crystal           =    22.50000000000  Cel.
# Vertical tilt first crystal          =     0.00000000000  Deg.
# vertical tilt second crystal         =    -0.00000000000  Deg.
   32.630000000000031               26   5.09901953    
   32.630500000000033               12   3.46410155    
   32.631000000000029               16   4.00000000    
   32.631500000000031               19   4.35889912    
   32.632000000000033               24   4.89897966    
   32.632500000000029               22   4.69041586    
   32.633000000000031               12   3.46410155    
   32.633500000000033               27   5.19615221    
   32.634000000000029               19   4.35889912    
   32.634500000000031               26   5.09901953    
   32.635000000000034               22   4.69041586    
   32.635500000000029               20   4.47213602    
   32.636000000000031               23   4.79583168    
   32.636500000000034               25   5.00000000    
   32.637000000000029               15   3.87298346    
   32.637500000000031               33   5.74456263    
   32.638000000000034               16   4.00000000    
   32.638500000000036               25   5.00000000    
   32.639000000000031               23   4.79583168    
   32.639500000000034               36   6.00000000    
   32.640000000000036               25   5.00000000    
   32.640500000000031               25   5.00000000    
   32.641000000000034               27   5.19615221    
   32.641500000000036               25   5.00000000    
   32.642000000000031               26   5.09901953    
   32.642500000000034               22   4.69041586    
   32.643000000000036               26   5.09901953    
   32.643500000000031               32   5.65685415    
   32.644000000000034               36   6.00000000    
   32.644500000000036               26   5.09901953    
   32.645000000000032               33   5.74456263    
   32.645500000000034               38   6.16441393    
   32.646000000000036               26   5.09901953    
   32.646500000000032               23   4.79583168    
   32.647000000000034               36   6.00000000    
   32.647500000000036               39   6.24499798    
   32.648000000000032               25   5.00000000    
   32.648500000000034               27   5.19615221    
   32.649000000000036               28   5.29150248    
   32.649500000000032               31   5.56776428    
   32.650000000000034               37   6.08276272    
   32.650500000000036               40   6.32455540    
   32.651000000000032               21   4.58257580    
   32.651500000000034               31   5.56776428    
   32.652000000000037               42   6.48074055    
   32.652500000000032               35   5.91608000    
   32.653000000000034               42   6.48074055    
   32.653500000000037               26   5.09901953    
   32.654000000000032               41   6.40312433    
   32.654500000000034               37   6.08276272    
   32.655000000000037               27   5.19615221    
   32.655500000000032               42   6.48074055    
   32.656000000000034               52   7.21110249    
   32.656500000000037               44   6.63324976    
   32.657000000000039               37   6.08276272    
   32.657500000000034               34   5.83095169    
   32.658000000000037               35   5.91608000    
   32.658500000000039               49   7.00000000    
   32.659000000000034               44   6.63324976    
   32.659500000000037               40   6.32455540    
   32.660000000000039               39   6.24499798    
   32.660500000000035               42   6.48074055    
   32.661000000000037               38   6.16441393    
   32.661500000000039               43   6.55743837    
   32.662000000000035               46   6.78233004    
   32.662500000000037               48   6.92820311    
   32.663000000000039               42   6.48074055    
   32.663500000000035               46   6.78233004    
   32.664000000000037               35   5.91608000    
   32.664500000000039               54   7.34846926    
   32.665000000000035               43   6.55743837    
   32.665500000000037               52   7.21110249    
   32.666000000000039               55   7.41619825    
   32.666500000000035               55   7.41619825    
   32.667000000000037               59   7.68114567    
   32.667500000000040               51   7.14142847    
   32.668000000000035               64   8.00000000    
   32.668500000000037               48   6.92820311    
   32.669000000000040               55   7.41619825    
   32.669500000000035               56   7.48331499    
   32.670000000000037               52   7.21110249    
   32.670500000000040               60   7.74596691    
   32.671000000000035               56   7.48331499    
   32.671500000000037               67   8.18535233    
   32.672000000000040               57   7.54983425    
   32.672500000000042               54   7.34846926    
   32.673000000000037               73   8.54400349    
   32.673500000000040               75   8.66025448    
   32.674000000000035               75   8.66025448    
   32.674500000000037               59   7.68114567    
   32.675000000000040               66   8.12403870    
   32.675500000000042               61   7.81024981    
   32.676000000000037               65   8.06225777    
   32.676500000000040               70   8.36660004    
   32.677000000000042               84   9.16515160    
   32.677500000000038               89   9.43398094    
   32.678000000000040               71   8.42614937    
   32.678500000000042               75   8.66025448    
   32.679000000000038               81   9.00000000    
   32.679500000000040               80   8.94427204    
   32.680000000000042               82   9.05538559    
   32.680500000000038               79   8.88819408    
   32.681000000000040               87   9.32737923    
   32.681500000000042               98   9.89949512    
   32.682000000000038               94   9.69536018    
   32.682500000000040              102   10.0995045    
   32.683000000000042              109   10.4403067    
   32.683500000000038              105   10.2469511    
   32.684000000000040              119   10.9087124    
   32.684500000000043               95   9.74679470    
   32.685000000000038              113   10.6301460    
   32.685500000000040              105   10.2469511    
   32.686000000000043              120   10.9544516    
   32.686500000000038              104   10.1980391    
   32.687000000000040              114   10.6770782    
   32.687500000000043              139   11.7898264    
   32.688000000000038              110   10.4880886    
   32.688500000000040              137   11.7046995    
   32.689000000000043              131   11.4455233    
   32.689500000000038              135   11.6189499    
   32.690000000000040              144   12.0000000    
   32.690500000000043              153   12.3693171    
   32.691000000000045              133   11.5325623    
   32.691500000000040              163   12.7671452    
   32.692000000000043              161   12.6885777    
   32.692500000000045              161   12.6885777    
   32.693000000000040              159   12.6095200    
   32.693500000000043              200   14.1421356    
   32.694000000000045              196   14.0000000    
   32.694500000000041              166   12.8840990    
   32.695000000000043              198   14.0712471    
   32.695500000000045              212   14.5602198    
   32.696000000000041              231   15.1986837    
   32.696500000000043              242   15.5563488    
   32.697000000000045              229   15.1327457    
   32.697500000000041              246   15.6843872    
   32.698000000000043              256   16.0000000    
   32.698500000000045              302   17.3781471    
   32.699000000000041              299   17.2916164    
   32.699500000000043              289   17.0000000    
   32.700000000000045              302   17.3781471    
   32.700500000000041              325   18.0277557    
   32.701000000000043              356   18.8679619    
   32.701500000000046              347   18.6279354    
   32.702000000000041              431   20.7605400    
   32.702500000000043              448   21.1660099    
   32.703000000000046              462   21.4941845    
   32.703500000000041              475   21.7944946    
   32.704000000000043              511   22.6053085    
   32.704500000000046              545   23.3452358    
   32.705000000000041              560   23.6643200    
   32.705500000000043              621   24.9198723    
   32.706000000000046              648   25.4558449    
   32.706500000000048              671   25.9036674    
   32.707000000000043              681   26.0959759    
   32.707500000000046              824   28.7054005    
   32.708000000000048              845   29.0688839    
   32.708500000000043              860   29.3257561    
   32.709000000000046              950   30.8220692    
   32.709500000000048              966   31.0805397    
   32.710000000000043             1059   32.5422783    
   32.710500000000046             1095   33.0907860    
   32.711000000000048             1189   34.4818802    
   32.711500000000044             1178   34.3220062    
   32.712000000000046             1307   36.1524544    
   32.712500000000048             1336   36.5513344    
   32.713000000000044             1326   36.4142838    
   32.713500000000046             1482   38.4967537    
   32.714000000000048             1519   38.9743500    
   32.714500000000044             1593   39.9124031    
   32.715000000000046             1641   40.5092583    
   32.715500000000048             1666   40.8166618    
   32.716000000000044             1734   41.6413269    
   32.716500000000046             1861   43.1393089    
   32.717000000000048             1848   42.9883690    
   32.717500000000044             1936   44.0000000    
   32.718000000000046             1944   44.0908165    
   32.718500000000049             1994   44.6542282    
   32.719000000000044             2100   45.8257561    
   32.719500000000046             2126   46.1085663    
   32.720000000000049             2262   47.5604897    
   32.720500000000044             2281   47.7598152    
   32.721000000000046             2323   48.1975098    
   32.721500000000049             2381   48.7954903    
   32.722000000000044             2595   50.9411430    
   32.722500000000046             2624   51.2249947    
   32.723000000000049             2755   52.4880943    
   32.723500000000044             2770   52.6307907    
   32.724000000000046             2973   54.5252228    
   32.724500000000049             2972   54.5160522    
   32.725000000000051             3227   56.8066902    
   32.725500000000046             3263   57.1226768    
   32.726000000000049             3382   58.1549644    
   32.726500000000051             3594   59.9499779    
   32.727000000000046             3696   60.7947350    
   32.727500000000049             3736   61.1228256    
   32.728000000000051             3886   62.3377876    
   32.728500000000047             4070   63.7965508    
   32.729000000000049             4310   65.6505890    
   32.729500000000051             4424   66.5131531    
   32.730000000000047             4496   67.0522156    
   32.730500000000049             4759   68.9855042    
   32.731000000000051             5040   70.9929581    
   32.731500000000047             5356   73.1847000    
   32.732000000000049             5388   73.4029999    
   32.732500000000051             5582   74.7127838    
   32.733000000000047             5904   76.8374939    
   32.733500000000049             6160   78.4856644    
   32.734000000000052             6599   81.2342300    
   32.734500000000047             6908   83.1143799    
   32.735000000000049             7136   84.4748459    
   32.735500000000052             7407   86.0639267    
   32.736000000000047             7753   88.0511246    
   32.736500000000049             8338   91.3126526    
   32.737000000000052             8756   93.5735016    
   32.737500000000047             9274   96.3016129    
   32.738000000000049             9724   98.6103439    
   32.738500000000052            10294   101.459351    
   32.739000000000047            10960   104.690018    
   32.739500000000049            11491   107.196083    
   32.740000000000052            12182   110.372101    
   32.740500000000047            12946   113.780487    
   32.741000000000049            13876   117.796432    
   32.741500000000052            14483   120.345337    
   32.742000000000054            15329   123.810341    
   32.742500000000049            16267   127.542152    
   32.743000000000052            17387   131.859772    
   32.743500000000054            18477   135.930130    
   32.744000000000050            19761   140.573822    
   32.744500000000052            21077   145.179199    
   32.745000000000054            22332   149.438950    
   32.745500000000050            24048   155.074173    
   32.746000000000052            25318   159.116302    
   32.746500000000054            27266   165.124191    
   32.747000000000050            29070   170.499268    
   32.747500000000052            30594   174.911407    
   32.748000000000054            32275   179.652435    
   32.748500000000050            34319   185.253876    
   32.749000000000052            36375   190.722305    
   32.749500000000054            38174   195.381683    
   32.750000000000050            40117   200.292282    
   32.750500000000052            42360   205.815445    
   32.751000000000055            44267   210.397247    
   32.751500000000050            46412   215.434448    
   32.752000000000052            48486   220.195374    
   32.752500000000055            50454   224.619675    
   32.753000000000050            52332   228.761887    
   32.753500000000052            53728   231.793015    
   32.754000000000055            55110   234.755188    
   32.754500000000050            56981   238.706940    
   32.755000000000052            57933   240.692749    
   32.755500000000055            58930   242.755020    
   32.756000000000050            59655   244.243729    
   32.756500000000052            59968   244.883652    
   32.757000000000055            60046   245.042847    
   32.757500000000050            60097   245.146896    
   32.758000000000052            60273   245.505600    
   32.758500000000055            58883   242.658203    
   32.759000000000057            58451   241.766418    
   32.759500000000052            57179   239.121307    
   32.760000000000055            56011   236.666428    
   32.760500000000057            54191   232.789612    
   32.761000000000053            52608   229.364334    
   32.761500000000055            51028   225.893784    
   32.762000000000057            48616   220.490356    
   32.762500000000053            46617   215.909698    
   32.763000000000055            44133   210.078552    
   32.763500000000057            41935   204.780365    
   32.764000000000053            38942   197.337280    
   32.764500000000055            37150   192.743347    
   32.765000000000057            34826   186.617249    
   32.765500000000053            32177   179.379486    
   32.766000000000055            30492   174.619583    
   32.766500000000057            27842   166.859222    
   32.767000000000053            26235   161.972214    
   32.767500000000055            24349   156.041656    
   32.768000000000058            22653   150.509140    
   32.768500000000053            21274   145.856094    
   32.769000000000055            19526   139.735458    
   32.769500000000058            18481   135.944839    
   32.770000000000053            17209   131.183075    
   32.770500000000055            15951   126.297272    
   32.771000000000058            15001   122.478569    
   32.771500000000053            13864   117.745491    
   32.772000000000055            13179   114.799828    
   32.772500000000058            12643   112.441093    
   32.773000000000053            11530   107.377838    
   32.773500000000055            10937   104.580116    
   32.774000000000058            10403   101.995094    
   32.774500000000053             9897   99.4836655    
   32.775000000000055             9243   96.1405258    
   32.775500000000058             8903   94.3557129    
   32.776000000000053             8423   91.7769012    
   32.776500000000055             8072   89.8443069    
   32.777000000000058             7698   87.7382507    
   32.777500000000060             7215   84.9411545    
   32.778000000000056             6942   83.3186646    
   32.778500000000058             6593   81.1972885    
   32.779000000000060             6250   79.0569382    
   32.779500000000056             6014   77.5499802    
   32.780000000000058             5754   75.8551254    
   32.780500000000060             5569   74.6257324    
   32.781000000000056             5336   73.0479279    
   32.781500000000058             5128   71.6100540    
   32.782000000000060             4969   70.4911346    
   32.782500000000056             4768   69.0507050    
   32.783000000000058             4585   67.7126312    
   32.783500000000060             4472   66.8730164    
   32.784000000000056             4244   65.1459885    
   32.784500000000058             4310   65.6505890    
   32.785000000000061             4070   63.7965508    
   32.785500000000056             3874   62.2414665    
   32.786000000000058             3790   61.5629768    
   32.786500000000061             3744   61.1882324    
   32.787000000000056             3465   58.8642502    
   32.787500000000058             3388   58.2065277    
   32.788000000000061             3434   58.6003418    
   32.788500000000056             3178   56.3737526    
   32.789000000000058             3043   55.1633949    
   32.789500000000061             3007   54.8361206    
   32.790000000000056             2924   54.0740242    
   32.790500000000058             2876   53.6283493    
   32.791000000000061             2798   52.8961258    
   32.791500000000056             2791   52.8299141    
   32.792000000000058             2605   51.0391998    
   32.792500000000061             2523   50.2294731    
   32.793000000000063             2501   50.0099983    
   32.793500000000058             2448   49.4772682    
   32.794000000000061             2411   49.1019363    
   32.794500000000063             2313   48.0936584    
   32.795000000000059             2244   47.3708763    
   32.795500000000061             2091   45.7274551    
   32.796000000000063             2135   46.2060585    
   32.796500000000059             2091   45.7274551    
   32.797000000000061             2059   45.3762054    
   32.797500000000063             1924   43.8634262    
   32.798000000000059             2010   44.8330231    
   32.798500000000061             1790   42.3083916    
   32.799000000000063             1871   43.2550583    
   32.799500000000059             1840   42.8952217    
   32.800000000000061             1776   42.1426163    
   32.800500000000063             1723   41.5090370    
   32.801000000000059             1748   41.8090897    
   32.801500000000061             1665   40.8044128    
   32.802000000000064             1563   39.5347939    
   32.802500000000059             1509   38.8458481    
   32.803000000000061             1562   39.5221443    
   32.803500000000064             1566   39.5727196    
   32.804000000000059             1341   36.6196671    
   32.804500000000061             1410   37.5499649    
   32.805000000000064             1456   38.1575699    
   32.805500000000059             1381   37.1618080    
   32.806000000000061             1334   36.5239639    
   32.806500000000064             1289   35.9026451    
   32.807000000000059             1333   36.5102730    
   32.807500000000061             1240   35.2136345    
   32.808000000000064             1259   35.4823914    
   32.808500000000066             1201   34.6554451    
   32.809000000000061             1190   34.4963760    
   32.809500000000064             1108   33.2866325    
   32.810000000000059             1161   34.0734482    
   32.810500000000062             1127   33.5708199    
   32.811000000000064             1099   33.1511688    
   32.811500000000066             1059   32.5422783    
   32.812000000000062             1035   32.1714172    
   32.812500000000064             1009   31.7647610    
   32.813000000000066             1013   31.8276615    
   32.813500000000062              985   31.3847103    
   32.814000000000064              917   30.2820072    
   32.814500000000066              945   30.7408524    
   32.815000000000062              926   30.4302483    
   32.815500000000064              843   29.0344620    
   32.816000000000066              853   29.2061634    
   32.816500000000062              865   29.4108829    
   32.817000000000064              767   27.6947651    
   32.817500000000067              764   27.6405506    
   32.818000000000062              744   27.2763634    
   32.818500000000064              724   26.9072475    
   32.819000000000067              674   25.9615097    
   32.819500000000062              730   27.0185127    
   32.820000000000064              635   25.1992054    
   32.820500000000067              614   24.7790241    
   32.821000000000062              606   24.6170673    
   32.821500000000064              606   24.6170673    
   32.822000000000067              530   23.0217285    
   32.822500000000062              508   22.5388546    
   32.823000000000064              517   22.7376347    
   32.823500000000067              484   22.0000000    
   32.824000000000062              434   20.8326664    
   32.824500000000064              389   19.7230835    
   32.825000000000067              393   19.8242283    
   32.825500000000062              372   19.2873020    
   32.826000000000064              323   17.9722004    
   32.826500000000067              310   17.6068172    
   32.827000000000069              281   16.7630539    
   32.827500000000065              275   16.5831242    
   32.828000000000067              284   16.8522987    
   32.828500000000069              280   16.7332001    
   32.829000000000065              271   16.4620781    
   32.829500000000067              237   15.3948040    
   32.830000000000069              217   14.7309198    
   32.830500000000065              198   14.0712471    
   32.831000000000067              196   14.0000000    
   32.831500000000069              177   13.3041344    
   32.832000000000065              181   13.4536238    
   32.832500000000067              171   13.0766964    
   32.833000000000069              184   13.5646601    
   32.833500000000065              153   12.3693171    
   32.834000000000067              198   14.0712471    
   32.834500000000070              147   12.1243553    
   32.835000000000065              148   12.1655254    
   32.835500000000067              151   12.2882061    
   32.836000000000070              158   12.5698051    
   32.836500000000065              115   10.7238054    
   32.837000000000067              147   12.1243553    
   32.837500000000070              136   11.6619034    
   32.838000000000065              130   11.4017544    
   32.838500000000067              127   11.2694273    
   32.839000000000070              117   10.8166542    
   32.839500000000065              101   10.0498753    
   32.840000000000067              122   11.0453606    
   32.840500000000070              110   10.4880886    
   32.841000000000065              121   11.0000000    
   32.841500000000067              108   10.3923044    
   32.842000000000070               93   9.64365101    
   32.842500000000072               90   9.48683262    
   32.843000000000067               91   9.53939247    
   32.843500000000070              100   10.0000000    
   32.844000000000072              100   10.0000000    
   32.844500000000068               78   8.83176041    
   32.845000000000070               93   9.64365101    
   32.845500000000072               95   9.74679470    
   32.846000000000068               97   9.84885788    
   32.846500000000070               95   9.74679470    
   32.847000000000072               86   9.27361870    
   32.847500000000068               97   9.84885788    
   32.848000000000070               83   9.11043358    
   32.848500000000072               84   9.16515160    
   32.849000000000068               93   9.64365101    
   32.849500000000070               64   8.00000000    
   32.850000000000072               78   8.83176041    
   32.850500000000068               88   9.38083172    
   32.851000000000070               75   8.66025448    
   32.851500000000073               65   8.06225777    
   32.852000000000068               78   8.83176041    
   32.852500000000070               87   9.32737923    
   32.853000000000073               76   8.71779823    
   32.853500000000068               70   8.36660004    
   32.854000000000070               67   8.18535233    
   32.854500000000073               70   8.36660004    
   32.855000000000068               84   9.16515160    
   32.855500000000070               66   8.12403870    
   32.856000000000073               77   8.77496433    
   32.856500000000068               68   8.24621105    
   32.857000000000070               65   8.06225777    
   32.857500000000073               60   7.74596691    
   32.858000000000068               61   7.81024981    
   32.858500000000070               68   8.24621105    
   32.859000000000073               71   8.42614937    
   32.859500000000068               58   7.61577320    
   32.860000000000070               56   7.48331499    
   32.860500000000073               65   8.06225777    
   32.861000000000075               46   6.78233004    
   32.861500000000071               53   7.28010988    
   32.862000000000073               66   8.12403870    
   32.862500000000075               58   7.61577320    
   32.863000000000071               49   7.00000000    
   32.863500000000073               54   7.34846926    
   32.864000000000075               49   7.00000000    
   32.864500000000071               58   7.61577320    
   32.865000000000073               59   7.68114567    
   32.865500000000075               49   7.00000000    
   32.866000000000071               46   6.78233004    
   32.866500000000073               46   6.78233004    
   32.867000000000075               54   7.34846926    
   32.867500000000071               71   8.42614937    
   32.868000000000073               42   6.48074055    
   32.868500000000076               48   6.92820311    
   32.869000000000071               49   7.00000000    
   32.869500000000073               44   6.63324976    
   32.870000000000076               42   6.48074055    
   32.870500000000071               49   7.00000000    
   32.871000000000073               56   7.48331499    
   32.871500000000076               45   6.70820379    
   32.872000000000071               57   7.54983425    
   32.872500000000073               48   6.92820311    
   32.873000000000076               42   6.48074055    
   32.873500000000071               42   6.48074055    
   32.874000000000073               33   5.74456263    
   32.874500000000076               45   6.70820379    
   32.875000000000071               40   6.32455540    
   32.875500000000073               38   6.16441393    
   32.876000000000076               29   5.38516474    
   32.876500000000071               27   5.19615221    
   32.877000000000073               48   6.92820311    
   32.877500000000076               35   5.91608000    
   32.878000000000071               41   6.40312433    
   32.878500000000074               40   6.32455540    
   32.879000000000076               34   5.83095169    
   32.879500000000078               40   6.32455540    
   32.880000000000074               39   6.24499798    
   32.880500000000076               29   5.38516474    
   32.881000000000078               31   5.56776428    
   32.881500000000074               39   6.24499798    
   32.882000000000076               34   5.83095169    
   32.882500000000078               38   6.16441393    
   32.883000000000074               36   6.00000000    
   32.883500000000076               38   6.16441393    
   32.884000000000079               19   4.35889912    
   32.884500000000074               42   6.48074055    
   32.885000000000076               29   5.38516474    
   32.885500000000079               25   5.00000000    
   32.886000000000074               35   5.91608000    
   32.886500000000076               22   4.69041586    
   32.887000000000079               41   6.40312433    
   32.887500000000074               36   6.00000000    
   32.888000000000076               29   5.38516474    
   32.888500000000079               32   5.65685415    
   32.889000000000074               34   5.83095169    
   32.889500000000076               27   5.19615221    
   32.890000000000079               30   5.47722578    
   32.890500000000074               22   4.69041586    
   32.891000000000076               32   5.65685415    
   32.891500000000079               22   4.69041586    
   32.892000000000074               39   6.24499798    
   32.892500000000076               25   5.00000000    
   32.893000000000079               27   5.19615221    
   32.893500000000074               27   5.19615221    
   32.894000000000077               28   5.29150248    
   32.894500000000079               27   5.19615221    
   32.895000000000081               32   5.65685415    
   32.895500000000077               24   4.89897966    
   32.896000000000079               34   5.83095169    
   32.896500000000081               31   5.56776428    
   32.897000000000077               30   5.47722578    
   32.897500000000079               29   5.38516474    
   32.898000000000081               35   5.91608000    
   32.898500000000077               23   4.79583168    
   32.899000000000079               23   4.79583168    
   32.899500000000081               27   5.19615221    
   32.900000000000077               30   5.47722578    
   32.900500000000079               25   5.00000000    
   32.901000000000082               25   5.00000000    
   32.901500000000077               27   5.19615221    
   32.902000000000079               27   5.19615221    
   32.902500000000082               25   5.00000000    
   32.903000000000077               41   6.40312433    
   32.903500000000079               26   5.09901953    
   32.904000000000082               19   4.35889912    
   32.904500000000077               31   5.56776428    
   32.905000000000079               30   5.47722578    
   32.905500000000082               25   5.00000000    
   32.906000000000077               20   4.47213602    
   32.906500000000079               20   4.47213602    
   32.907000000000082               22   4.69041586    
   32.907500000000077               26   5.09901953    
   32.908000000000079               21   4.58257580    
   32.908500000000082               21   4.58257580    
   32.909000000000077               27   5.19615221    
   32.909500000000079               25   5.00000000    
   32.910000000000082               24   4.89897966    
   32.910500000000077               28   5.29150248    
   32.911000000000080               14   3.74165750    
   32.911500000000082               29   5.38516474    
   32.912000000000077               24   4.89897966    
   32.912500000000080               23   4.79583168    
   32.913000000000082               22   4.69041586    
   32.913500000000084               20   4.47213602    
   32.914000000000080               25   5.00000000    
   32.914500000000082               23   4.79583168    
   32.915000000000084               25   5.00000000    
   32.915500000000080               22   4.69041586    
   32.916000000000082               20   4.47213602    
   32.916500000000084               20   4.47213602    
   32.917000000000080               16   4.00000000    
   32.917500000000082               21   4.58257580    
   32.918000000000085               20   4.47213602    
   32.918500000000080               31   5.56776428    
   32.919000000000082               20   4.47213602    
   32.919500000000085               19   4.35889912    
   32.920000000000080               16   4.00000000    
   32.920500000000082               21   4.58257580    
   32.921000000000085               23   4.79583168    
   32.921500000000080               12   3.46410155    
   32.922000000000082               27   5.19615221    
   32.922500000000085               18   4.24264050    
   32.923000000000080               17   4.12310553    
   32.923500000000082               17   4.12310553    
   32.924000000000085               14   3.74165750    
   32.924500000000080               15   3.87298346    
   32.925000000000082               21   4.58257580    
   32.925500000000085               15   3.87298346    
   32.926000000000080               16   4.00000000    
   32.926500000000082               22   4.69041586    
   32.927000000000085               22   4.69041586    
   32.927500000000080               20   4.47213602    
   32.928000000000083               24   4.89897966    
   32.928500000000085               15   3.87298346    
   32.929000000000087               16   4.00000000    
   32.929500000000083               12   3.46410155    
   32.930000000000085               15   3.87298346    
   32.930500000000087               17   4.12310553    
   32.931000000000083               20   4.47213602    
   32.931500000000085               17   4.12310553    
   32.932000000000087               18   4.24264050    
   32.932500000000083               13   3.60555124    
   32.933000000000085               18   4.24264050    
   32.933500000000087               16   4.00000000    
   32.934000000000083               15   3.87298346    
   32.934500000000085               13   3.60555124    
   32.935000000000088               13   3.60555124    
   32.935500000000083               19   4.35889912    
   32.936000000000085               11   3.31662488    
   32.936500000000088               17   4.12310553    
   32.937000000000083               15   3.87298346    
   32.937500000000085               11   3.31662488    
   32.938000000000088               10   3.16227770    
   32.938500000000083               15   3.87298346    
   32.939000000000085               13   3.60555124    
   32.939500000000088               21   4.58257580    
   32.940000000000083               11   3.31662488    
   32.940500000000085               23   4.79583168    
   32.941000000000088               20   4.47213602    
   32.941500000000083               11   3.31662488    
   32.942000000000085               14   3.74165750    
   32.942500000000088               20   4.47213602    
   32.943000000000083               14   3.74165750    
   32.943500000000085                7   2.64575124    
   32.944000000000088               13   3.60555124    
   32.944500000000083               19   4.35889912    
   32.945000000000086               18   4.24264050    
   32.945500000000088               12   3.46410155    
   32.946000000000083               14   3.74165750    
   32.946500000000086                9   3.00000000    
   32.947000000000088               18   4.24264050    
   32.947500000000090               19   4.35889912    
   32.948000000000086               12   3.46410155    
   32.948500000000088               11   3.31662488    
   32.949000000000090               11   3.31662488    
   32.949500000000086               12   3.46410155    
   32.950000000000088               15   3.87298346    
   32.950500000000090               11   3.31662488    
   32.951000000000086                8   2.82842708    
   32.951500000000088               25   5.00000000    
   32.952000000000091               15   3.87298346    
   32.952500000000086               10   3.16227770    
   32.953000000000088                8   2.82842708    
   32.953500000000091               14   3.74165750    
   32.954000000000086               13   3.60555124    
   32.954500000000088               10   3.16227770    
   32.955000000000091               14   3.74165750    
   32.955500000000086               15   3.87298346    
   32.956000000000088               17   4.12310553    
   32.956500000000091               11   3.31662488    
   32.957000000000086               11   3.31662488    
   32.957500000000088               10   3.16227770    
   32.958000000000091               11   3.31662488    
   32.958500000000086               14   3.74165750    
   32.959000000000088                9   3.00000000    
   32.959500000000091               11   3.31662488    
   32.960000000000086               13   3.60555124    
   32.960500000000089               17   4.12310553    
   32.961000000000091               15   3.87298346    
   32.961500000000086               16   4.00000000    
   32.962000000000089               13   3.60555124    
   32.962500000000091               14   3.74165750    
   32.963000000000093               12   3.46410155    
   32.963500000000089                6   2.44948983    
   32.964000000000091               12   3.46410155    
   32.964500000000086               12   3.46410155    
   32.965000000000089                7   2.64575124    
   32.965500000000091               12   3.46410155    
   32.966000000000093               17   4.12310553    
   32.966500000000089               17   4.12310553    
   32.967000000000091                6   2.44948983    
   32.967500000000094                5   2.23606801    
   32.968000000000089               15   3.87298346    
   32.968500000000091               11   3.31662488    
   32.969000000000094               11   3.31662488    
   32.969500000000089                9   3.00000000    
   32.970000000000091                6   2.44948983    
   32.970500000000094               14   3.74165750    
   32.971000000000089                7   2.64575124    
   32.971500000000091                8   2.82842708    
   32.972000000000094               11   3.31662488    
   32.972500000000089               10   3.16227770    
   32.973000000000091                7   2.64575124    
   32.973500000000094               15   3.87298346    
   32.974000000000089               14   3.74165750    
   32.974500000000091               13   3.60555124    
   32.975000000000094               11   3.31662488    
   32.975500000000089               12   3.46410155    
   32.976000000000091                4   2.00000000    
   32.976500000000094                4   2.00000000    
   32.977000000000089                8   2.82842708    
   32.977500000000092               10   3.16227770    
   32.978000000000094                9   3.00000000    
   32.978500000000089                8   2.82842708    
   32.979000000000092               11   3.31662488    
   32.979500000000094               13   3.60555124    
   32.980000000000089               10   3.16227770    
   32.980500000000092                6   2.44948983    
   32.981000000000094               14   3.74165750    
   32.981500000000096                9   3.00000000    
   32.982000000000092                7   2.64575124    
   32.982500000000094                6   2.44948983    
   32.983000000000096               11   3.31662488    
   32.983500000000092                8   2.82842708    
   32.984000000000094               10   3.16227770    
   32.984500000000097               13   3.60555124    
   32.985000000000092               11   3.31662488    
   32.985500000000094                8   2.82842708    
   32.986000000000097                6   2.44948983    
   32.986500000000092               11   3.31662488    
   32.987000000000094               11   3.31662488    
   32.987500000000097                5   2.23606801    
   32.988000000000092               11   3.31662488    
   32.988500000000094               10   3.16227770    
   32.989000000000097                8   2.82842708    
   32.989500000000092                9   3.00000000    
   32.990000000000094                4   2.00000000    
   32.990500000000097                8   2.82842708    
   32.991000000000092                8   2.82842708    
   32.991500000000094                5   2.23606801    
   32.992000000000097                4   2.00000000    
   32.992500000000092               10   3.16227770    
   32.993000000000094                4   2.00000000    
   32.993500000000097               11   3.31662488    
   32.994000000000092                6   2.44948983    
   32.994500000000095               10   3.16227770    
   32.995000000000097               11   3.31662488    
   32.995500000000092                5   2.23606801    
   32.996000000000095                5   2.23606801    
   32.996500000000097                5   2.23606801    
   32.997000000000099                6   2.44948983    
   32.997500000000095                5   2.23606801    
   32.998000000000097               10   3.16227770    
   32.998500000000092               13   3.60555124    
   32.999000000000095                9   3.00000000    
   32.999500000000097                3   1.73205078    
   33.000000000000099               10   3.16227770    
   33.000500000000095                9   3.00000000    
   33.001000000000097               10   3.16227770    
   33.001500000000100               10   3.16227770    
   33.002000000000095                8   2.82842708    
   33.002500000000097                4   2.00000000    
   33.003000000000100                6   2.44948983    
   33.003500000000095               11   3.31662488    
   33.004000000000097                7   2.64575124    
   33.004500000000100                6   2.44948983    
   33.005000000000095                8   2.82842708    
   33.005500000000097                9   3.00000000    
   33.006000000000100                6   2.44948983    
   33.006500000000095                8   2.82842708    
   33.007000000000097               11   3.31662488    
   33.007500000000100               10   3.16227770    
   33.008000000000095                6   2.44948983    
   33.008500000000097                8   2.82842708    
   33.009000000000100                8   2.82842708    
   33.009500000000095                7   2.64575124    
   33.010000000000097               11   3.31662488    
   33.010500000000100                6   2.44948983    
   33.011000000000095                8   2.82842708    
   33.011500000000098                8   2.82842708    
   33.012000000000100                7   2.64575124    
   33.012500000000095               10   3.16227770    
   33.013000000000098                9   3.00000000    
   33.013500000000100               10   3.16227770    
   33.014000000000095                6   2.44948983    
   33.014500000000098               10   3.16227770    
   33.015000000000100               12   3.46410155    
   33.015500000000102                4   2.00000000    
   33.016000000000098                5   2.23606801    
   33.016500000000100                3   1.73205078    
   33.017000000000102                6   2.44948983    
   33.017500000000098                6   2.44948983    
   33.018000000000100                4   2.00000000    
   33.018500000000103                5   2.23606801    
   33.019000000000098                6   2.44948983    
   33.019500000000100                5   2.23606801    
   33.020000000000103                8   2.82842708    
   33.020500000000098                4   2.00000000    
   33.021000000000100                6   2.44948983    
   33.021500000000103                5   2.23606801    
   33.022000000000098                8   2.82842708    
   33.022500000000100                3   1.73205078    
   33.023000000000103                8   2.82842708    
   33.023500000000098                4   2.00000000    
   33.024000000000100                5   2.23606801    
   33.024500000000103                3   1.73205078    
   33.025000000000098               10   3.16227770    
   33.025500000000100                6   2.44948983    
   33.026000000000103                5   2.23606801    
   33.026500000000098                7   2.64575124    
   33.027000000000100               13   3.60555124    
   33.027500000000103                7   2.64575124    
   33.028000000000098                8   2.82842708    
   33.028500000000101                8   2.82842708    
   33.029000000000103                4   2.00000000    
   33.029500000000098                3   1.73205078    
