32.510750	1.782609	46.000000	82.000000
32.512250	1.701562	47.015625	80.000000
32.513750	1.264903	49.015625	62.000000
32.515250	1.761250	42.015625	74.000000
32.516750	1.395379	48.015625	67.000000
32.518250	1.632653	49.000000	80.000000
32.519750	1.354615	45.031250	61.000000
32.521250	1.791667	48.000000	86.000000
32.522750	1.567625	44.015625	69.000000
32.524250	1.957059	48.031250	94.000000
32.525750	1.714286	56.000000	96.000000
32.527250	1.468085	47.000000	69.000000
32.528750	1.422222	45.000000	64.000000
32.530250	1.816327	49.000000	89.000000
32.531750	1.658502	44.015625	73.000000
32.533250	1.906284	43.015625	82.000000
32.534750	1.599500	50.015625	80.000000
32.536250	1.888342	54.015625	102.000000
32.537750	1.686402	48.031250	81.000000
32.539250	1.461538	39.000000	57.000000
32.540750	2.266565	41.031250	93.000000
32.542250	1.707317	41.000000	70.000000
32.543750	1.720305	43.015625	74.000000
32.545250	1.574385	40.015625	63.000000
32.546750	1.456522	46.000000	67.000000
32.548250	1.831970	42.031250	77.000000
32.549750	1.555556	45.000000	70.000000
32.551250	1.622222	45.000000	73.000000
32.552750	1.933333	45.000000	87.000000
32.554250	1.521739	46.000000	70.000000
32.555750	1.617647	68.000000	110.000000
32.557250	1.612245	49.000000	79.000000
32.558750	1.791084	48.015625	86.000000
32.560250	1.594684	47.031250	75.000000
32.561750	1.859419	50.015625	93.000000
32.563250	1.709331	45.046875	77.000000
32.564750	1.795918	49.000000	88.000000
32.566250	1.738913	50.031250	87.000000
32.567750	2.000000	43.000000	86.000000
32.569250	1.430934	51.015625	73.000000
32.570750	1.598890	45.031250	72.000000
32.572250	1.890662	46.015625	87.000000
32.573750	1.854167	48.000000	89.000000
32.575250	1.672936	49.015625	82.000000
32.576750	1.844444	45.000000	83.000000
32.578250	1.896750	49.031250	93.000000
32.579750	1.793060	49.078125	88.000000
32.581250	1.659574	47.000000	78.000000
32.582750	1.957935	49.031250	96.000000
32.584250	2.105683	47.015625	99.000000
32.585750	2.108696	46.000000	97.000000
32.587250	1.978523	48.015625	95.000000
32.588750	1.978066	47.015625	93.000000
32.590250	2.021739	46.000000	93.000000
32.591750	1.856551	49.015625	91.000000
32.593250	2.064516	46.015625	95.000000
32.594750	2.250000	48.000000	108.000000
32.596250	2.549020	51.000000	130.000000
32.597750	1.936170	47.000000	91.000000
32.599250	2.488209	49.031250	122.000000
32.600750	2.311747	48.015625	111.000000
32.602250	2.407381	44.031250	106.000000
32.603750	2.836735	49.000000	139.000000
32.605250	2.305387	49.015625	113.000000
32.606750	2.086957	46.000000	96.000000
32.608250	2.978139	50.031250	149.000000
32.609750	2.957447	47.000000	139.000000
32.611250	3.040677	48.015625	146.000000
32.612750	2.816327	49.000000	138.000000
32.614250	2.856080	42.015625	120.000000
32.615750	3.074074	54.000000	166.000000
32.617250	2.284864	42.015625	96.000000
32.618750	3.353075	48.015625	161.000000
32.620250	2.941662	53.031250	156.000000
32.621750	2.777778	45.000000	125.000000
32.623250	2.773741	49.031250	136.000000
32.624750	3.084861	46.031250	142.000000
32.626250	2.416667	48.000000	116.000000
32.627750	2.623292	48.031250	126.000000
32.629250	2.658691	47.015625	125.000000
32.630750	2.693822	46.031250	124.000000
32.632250	2.739156	54.031250	148.000000
32.633750	2.302326	43.000000	99.000000
32.635250	2.487162	45.031250	112.000000
32.636750	2.054961	54.015625	111.000000
32.638250	2.818182	44.000000	124.000000
32.639750	2.743769	47.015625	129.000000
32.641250	2.346191	49.015625	115.000000
32.642750	2.600000	45.000000	117.000000
32.644250	2.879100	50.015625	144.000000
32.645750	2.630435	46.000000	121.000000
32.647250	2.766437	43.015625	119.000000
32.648750	2.526555	55.015625	139.000000
32.650250	2.813953	43.000000	121.000000
32.651750	2.978979	52.031250	155.000000
32.653250	2.934783	46.000000	135.000000
32.654750	3.021739	46.000000	139.000000
32.656250	3.263225	49.031250	160.000000
32.657750	3.183733	43.031250	137.000000
32.659250	3.640000	50.000000	182.000000
32.660750	3.650934	46.015625	168.000000
32.662250	3.617739	50.031250	181.000000
32.663750	3.448980	49.000000	169.000000
32.665250	4.853532	42.031250	204.000000
32.666750	4.602417	53.015625	244.000000
32.668250	5.355556	45.000000	241.000000
32.669750	5.406439	49.015625	265.000000
32.671250	5.313725	51.000000	271.000000
32.672750	5.068182	44.000000	223.000000
32.674250	5.236727	50.031250	262.000000
32.675750	5.239130	46.000000	241.000000
32.677250	5.411205	46.015625	249.000000
32.678750	5.280000	50.000000	264.000000
32.680250	5.152174	46.000000	237.000000
32.681750	4.804348	46.000000	221.000000
32.683250	4.215686	51.000000	215.000000
32.684750	4.489362	47.000000	211.000000
32.686250	4.278663	50.015625	214.000000
32.687750	3.651163	43.000000	157.000000
32.689250	3.551020	49.000000	174.000000
32.690750	3.744681	47.000000	176.000000
32.692250	3.638298	47.000000	171.000000
32.693750	3.895833	48.000000	187.000000
32.695250	3.242830	49.031250	159.000000
32.696750	3.416667	48.000000	164.000000
32.698250	3.217391	46.000000	148.000000
32.699750	3.297872	47.000000	155.000000
32.701250	3.062812	47.015625	144.000000
32.702750	3.240000	50.000000	162.000000
32.704250	3.303226	46.015625	152.000000
32.705750	2.645833	48.000000	127.000000
32.707250	3.118051	50.031250	156.000000
32.708750	3.254631	43.015625	140.000000
32.710250	3.257964	50.031250	163.000000
32.711750	3.324410	49.031250	163.000000
32.713250	3.666667	45.000000	165.000000
32.714750	4.187500	48.000000	201.000000
32.716250	3.625000	48.000000	174.000000
32.717750	3.510638	47.000000	165.000000
32.719250	3.612245	49.000000	177.000000
32.720750	3.576536	45.015625	161.000000
32.722250	3.941123	52.015625	205.000000
32.723750	3.203060	49.015625	157.000000
32.725250	3.541073	46.031250	163.000000
32.726750	4.019525	48.015625	193.000000
32.728250	4.019009	46.031250	185.000000
32.729750	3.868251	46.015625	178.000000
32.731250	3.800000	50.000000	190.000000
32.732750	4.485774	45.031250	202.000000
32.734250	3.938776	49.000000	193.000000
32.735750	4.295017	47.031250	202.000000
32.737250	3.787234	47.000000	178.000000
32.738750	4.596154	52.000000	239.000000
32.740250	5.175981	45.015625	233.000000
32.741750	4.636756	47.015625	218.000000
32.743250	4.798500	50.015625	240.000000
32.744750	5.367742	46.015625	247.000000
32.746250	5.304348	46.000000	244.000000
32.747750	6.120497	49.015625	300.000000
32.749250	6.400000	45.000000	288.000000
32.750750	6.834555	49.015625	335.000000
32.752250	7.510638	47.000000	353.000000
32.753750	6.891304	46.000000	317.000000
32.755250	8.120000	50.000000	406.000000
32.756750	8.352655	45.015625	376.000000
32.758250	8.795918	49.000000	431.000000
32.759750	10.354167	48.000000	497.000000
32.761250	10.909091	44.000000	480.000000
32.762750	10.251761	51.015625	523.000000
32.764250	12.229977	47.015625	575.000000
32.765750	12.531915	47.000000	589.000000
32.767250	15.367347	49.000000	753.000000
32.768750	15.037554	47.015625	707.000000
32.770250	17.440000	50.000000	872.000000
32.771750	20.264237	48.015625	973.000000
32.773250	21.125998	45.015625	951.000000
32.774750	23.908884	48.015625	1148.000000
32.776250	28.680851	47.000000	1348.000000
32.777750	28.979167	48.000000	1391.000000
32.779250	33.966723	46.015625	1563.000000
32.780750	35.775510	49.000000	1753.000000
32.782250	41.790698	43.000000	1797.000000
32.783750	43.364574	53.015625	2299.000000
32.785250	48.164714	44.015625	2120.000000
32.786750	52.106383	47.000000	2449.000000
32.788250	53.503154	52.015625	2783.000000
32.789750	58.585366	41.000000	2402.000000
32.791250	56.582318	50.015625	2830.000000
32.792750	55.405968	45.031250	2495.000000
32.794250	58.224228	45.015625	2621.000000
32.795750	55.253106	44.015625	2432.000000
32.797250	54.451076	45.031250	2452.000000
32.798750	50.504584	46.015625	2324.000000
32.800250	47.400000	45.000000	2133.000000
32.801750	41.565217	46.000000	1912.000000
32.803250	38.145545	44.015625	1679.000000
32.804750	33.636364	44.000000	1480.000000
32.806250	29.448747	48.015625	1414.000000
32.807750	25.724401	45.015625	1158.000000
32.809250	26.065789	76.000000	1981.000000
32.810750	23.148936	47.000000	1088.000000
32.812250	19.512413	56.015625	1093.000000
32.813750	16.775510	49.000000	822.000000
32.815250	16.363636	44.000000	720.000000
32.816750	14.560272	46.015625	670.000000
32.818250	14.590909	44.000000	642.000000
32.819750	12.148048	46.015625	559.000000
32.821250	11.560000	50.000000	578.000000
32.822750	11.430900	46.015625	526.000000
32.824250	9.695652	46.000000	446.000000
32.825750	9.252243	47.015625	435.000000
32.827250	9.134291	50.031250	457.000000
32.828750	9.200000	45.000000	414.000000
32.830250	7.509804	51.000000	383.000000
32.831750	7.992029	47.046875	376.000000
32.833250	7.497559	48.015625	360.000000
32.834750	7.285714	49.000000	357.000000
32.836250	6.852693	48.156250	330.000000
32.837750	6.469388	49.000000	317.000000
32.839250	6.680851	47.000000	314.000000
32.840750	5.630435	46.000000	259.000000
32.842250	5.583104	51.046875	285.000000
32.843750	5.950000	40.000000	238.000000
32.845250	5.460000	50.000000	273.000000
32.846750	5.264839	45.015625	237.000000
32.848250	4.837209	43.000000	208.000000
32.849750	5.021277	47.000000	236.000000
32.851250	5.045455	44.000000	222.000000
32.852750	4.200000	45.000000	189.000000
32.854250	4.702875	44.015625	207.000000
32.855750	4.820000	50.000000	241.000000
32.857250	4.748314	44.015625	209.000000
32.858750	4.055446	71.015625	288.000000
32.860250	4.111111	45.000000	185.000000
32.861750	4.653061	49.000000	228.000000
32.863250	4.595745	47.000000	216.000000
32.864750	4.059930	49.015625	199.000000
32.866250	3.847826	46.000000	177.000000
32.867750	3.873739	48.015625	186.000000
32.869250	4.331829	45.015625	195.000000
32.870750	4.062479	47.015625	191.000000
32.872250	4.078431	51.000000	208.000000
32.873750	4.466667	45.000000	201.000000
32.875250	3.686300	48.015625	177.000000
32.876750	4.206964	48.015625	202.000000
32.878250	4.500000	48.000000	216.000000
32.879750	4.148936	47.000000	195.000000
32.881250	4.500000	48.000000	216.000000
32.882750	3.938776	49.000000	193.000000
32.884250	4.021277	47.000000	189.000000
32.885750	3.791667	48.000000	182.000000
32.887250	4.129032	46.015625	190.000000
32.888750	4.438613	50.015625	222.000000
32.890250	4.847826	46.000000	223.000000
32.891750	4.487870	47.015625	211.000000
32.893250	5.238363	50.015625	262.000000
32.894750	5.824109	46.015625	268.000000
32.896250	5.444998	47.015625	256.000000
32.897750	6.448980	49.000000	316.000000
32.899250	6.510204	49.000000	319.000000
32.900750	6.529744	47.015625	307.000000
32.902250	7.086957	46.000000	326.000000
32.903750	7.380525	47.015625	347.000000
32.905250	7.571429	49.000000	371.000000
32.906750	7.914894	47.000000	372.000000
32.908250	7.673913	46.000000	353.000000
32.909750	7.240000	50.000000	362.000000
32.911250	7.149745	46.015625	329.000000
32.912750	7.627451	51.000000	389.000000
32.914250	6.913043	46.000000	318.000000
32.915750	6.958333	48.000000	334.000000
32.917250	6.044444	45.000000	272.000000
32.918750	6.565217	46.000000	302.000000
32.920250	5.897959	49.000000	289.000000
32.921750	5.021739	46.000000	231.000000
32.923250	5.243226	49.015625	257.000000
32.924750	4.656478	47.031250	219.000000
32.926250	4.430015	51.015625	226.000000
32.927750	4.837473	44.031250	213.000000
32.929250	4.280000	50.000000	214.000000
32.930750	3.998698	48.015625	192.000000
32.932250	3.545455	44.000000	156.000000
32.933750	3.558888	50.015625	178.000000
32.935250	3.212766	47.000000	151.000000
32.936750	3.277951	50.031250	164.000000
32.938250	3.844444	45.000000	173.000000
32.939750	2.887886	45.015625	130.000000
32.941250	3.263189	53.015625	173.000000
32.942750	3.204545	44.000000	141.000000
32.944250	3.083333	48.000000	148.000000
32.945750	2.763202	47.046875	130.000000
32.947250	2.816327	49.000000	138.000000
32.948750	3.511111	45.000000	158.000000
32.950250	2.659574	47.000000	125.000000
32.951750	3.100064	49.031250	152.000000
32.953250	2.853238	48.015625	137.000000
32.954750	2.595745	47.000000	122.000000
32.956250	2.771743	44.015625	122.000000
32.957750	2.729129	52.031250	142.000000
32.959250	3.115385	52.000000	162.000000
32.960750	2.978261	46.000000	137.000000
32.962250	2.799028	45.015625	126.000000
32.963750	2.739130	46.000000	126.000000
32.965250	2.874064	48.015625	138.000000
32.966750	3.165636	48.015625	152.000000
32.968250	2.217391	46.000000	102.000000
32.969750	2.704545	44.000000	119.000000
32.971250	3.079038	50.015625	154.000000
32.972750	2.260102	46.015625	104.000000
32.974250	2.672098	46.031250	123.000000
32.975750	2.911066	46.031250	134.000000
32.977250	2.465810	45.015625	111.000000
32.978750	2.365838	49.031250	116.000000
32.980250	2.682927	41.000000	110.000000
32.981750	2.856232	49.015625	140.000000
32.983250	2.822222	45.000000	127.000000
32.984750	2.474963	63.031250	156.000000
32.986250	2.407396	49.015625	118.000000
32.987750	2.508137	47.046875	118.000000
32.989250	2.738200	46.015625	126.000000
32.990750	2.386994	49.015625	117.000000
32.992250	2.574468	47.000000	121.000000
32.993750	2.732951	49.031250	134.000000
32.995250	2.352635	48.031250	113.000000
32.996750	3.000000	45.000000	135.000000
32.998250	2.720615	61.015625	166.000000
32.999750	2.583333	48.000000	124.000000
33.001250	2.325297	46.015625	107.000000
33.002750	3.000000	42.000000	126.000000
33.004250	3.088715	44.031250	136.000000
33.005750	2.067514	43.046875	89.000000
33.007250	2.997715	41.031250	123.000000
33.008750	2.744681	47.000000	129.000000
33.010250	2.600000	60.000000	156.000000
33.011750	2.791667	48.000000	134.000000
33.013250	3.000000	47.000000	141.000000
33.014750	2.631814	49.015625	129.000000
33.016250	2.792019	46.203125	129.000000
33.017750	2.040338	48.031250	98.000000
33.019250	2.275839	47.015625	107.000000
33.020750	2.499219	50.015625	125.000000
33.022250	2.454545	44.000000	108.000000
33.023750	2.791667	48.000000	134.000000
33.025250	2.446809	47.000000	115.000000
33.026750	2.562500	48.000000	123.000000
33.028250	2.510204	49.000000	123.000000
33.029750	2.700332	47.031250	127.000000
33.031250	2.645833	48.000000	127.000000
33.032750	2.672617	49.015625	131.000000
33.034250	2.422222	45.000000	109.000000
33.035750	2.754224	49.015625	135.000000
33.037250	2.952480	45.046875	133.000000
33.038750	2.645833	48.000000	127.000000
33.040250	2.693019	49.015625	132.000000
33.041750	2.915578	49.046875	143.000000
33.043250	2.956522	46.000000	136.000000
33.044750	2.937500	48.000000	141.000000
33.046250	3.105351	47.015625	146.000000
33.047750	3.390153	46.015625	156.000000
33.049250	3.311422	48.015625	159.000000
33.050750	3.810020	48.031250	183.000000
33.052250	3.659091	44.000000	161.000000
33.053750	3.884502	53.031250	206.000000
33.055250	3.727273	44.000000	164.000000
33.056750	4.594217	47.015625	216.000000
33.058250	4.017146	51.031250	205.000000
33.059750	3.958333	48.000000	190.000000
33.061250	4.590909	44.000000	202.000000
33.062750	4.186137	48.015625	201.000000
33.064250	4.163636	55.000000	229.000000
33.065750	4.960833	57.046875	283.000000
33.067250	5.136364	44.000000	226.000000
33.068750	5.063497	46.015625	233.000000
33.070250	5.044679	43.015625	217.000000
33.071750	4.510204	49.000000	221.000000
33.073250	4.209302	43.000000	181.000000
33.074750	5.069767	43.000000	218.000000
33.076250	4.977069	47.015625	234.000000
33.077750	3.561341	48.015625	171.000000
33.079250	3.468282	49.015625	170.000000
33.080750	3.828514	47.015625	180.000000
33.082250	3.254237	47.015625	153.000000
33.083750	3.732314	49.031250	183.000000
33.085250	2.775850	45.031250	125.000000
33.086750	3.597751	50.031250	180.000000
33.088250	2.955556	45.000000	133.000000
33.089750	3.123983	48.015625	150.000000
33.091250	2.795027	49.015625	137.000000
33.092750	2.749105	48.015625	132.000000
33.094250	2.956522	46.000000	136.000000
33.095750	2.938776	49.000000	144.000000
33.097250	2.914650	49.062500	143.000000
33.098750	3.362442	44.015625	148.000000
33.100250	2.774625	49.015625	136.000000
33.101750	2.684630	51.031250	137.000000
33.103250	2.817181	44.015625	124.000000
33.104750	2.510204	49.000000	123.000000
33.106250	2.376952	45.015625	107.000000
33.107750	2.533333	45.000000	114.000000
33.109250	2.705882	51.000000	138.000000
